p cnf 38 92
-1 -3 0
-5 -7 0
-1 -4 0
-5 -8 0
-2 -3 0
-6 -7 0
-2 -4 0
-6 -8 0
-1 -5 0
-2 -6 0
-3 -7 0
-4 -8 0
9 0
-10 0
-11 0
12 0
-13 10 9 0
-10 13 0
-13 10 1 0
-9 13 -1 0
-14 11 10 0
-11 14 0
-14 11 1 0
-10 14 -1 0
15 0
-16 13 12 0
-13 16 0
-16 13 2 0
-12 16 -2 0
-17 14 13 0
-14 17 0
-17 14 2 0
-13 17 -2 0
18 0
-19 16 15 0
-16 19 0
-19 16 3 0
-15 19 -3 0
-20 17 16 0
-17 20 0
-20 17 3 0
-16 20 -3 0
21 0
-22 19 18 0
-19 22 0
-22 19 4 0
-18 22 -4 0
-23 20 19 0
-20 23 0
-23 20 4 0
-19 23 -4 0
23 0
24 0
-25 0
-26 0
27 0
-28 25 24 0
-25 28 0
-28 25 5 0
-24 28 -5 0
-29 26 25 0
-26 29 0
-29 26 5 0
-25 29 -5 0
30 0
-31 28 27 0
-28 31 0
-31 28 6 0
-27 31 -6 0
-32 29 28 0
-29 32 0
-32 29 6 0
-28 32 -6 0
33 0
-34 31 30 0
-31 34 0
-34 31 7 0
-30 34 -7 0
-35 32 31 0
-32 35 0
-35 32 7 0
-31 35 -7 0
36 0
-37 34 33 0
-34 37 0
-37 34 8 0
-33 37 -8 0
-38 35 34 0
-35 38 0
-38 35 8 0
-34 38 -8 0
38 0
